ACC=0.586207
PREC=0.456522
REC=0.375000
F1=0.411765
