MAE=0.026787
RMSE=0.035694
